{"lsmTable":["c(6, 4, 2, 3, 1, 5)","c(34.296666666667, 33.5722222222226, 33.3867375978388, 33.3644444444448, 32.4700000000003, 30.0811111111114)","c(1.92338077089102, 1.92338077089102, 1.9382919277014, 1.92338077089102, 1.92338077089102, 1.92338077089102)","c(151, 151, 151, 151, 151, 151)","c(27, 27, 24, 27, 27, 27)","c(31.113457283636, 30.3890128391915, 30.1788501401442, 30.1812350614137, 29.2867906169693, 26.8979017280804)","c(37.479876049698, 36.7554316052536, 36.5946250555335, 36.5476538274758, 35.6532093830313, 33.2643204941425)","c(4, 3, 3, 3, 2, 1)"],"deltas":["c(1, 2, 3, 4, 5, 6, 1, 2, 3, 4, 5, 6, 1, 2, 3, 4, 5, 6, 1, 2, 3, 4, 5, 6, 1, 2, 3, 4, 5, 6, 1, 2, 3, 4, 5, 6)","c(1, 1, 1, 1, 1, 1, 2, 2, 2, 2, 2, 2, 3, 3, 3, 3, 3, 3, 4, 4, 4, 4, 4, 4, 5, 5, 5, 5, 5, 5, 6, 6, 6, 6, 6, 6)","c(0, 0.916737597838534, 0.894444444444488, 1.10222222222226, -2.38888888888886, 1.8266666666667, -0.916737597838534, 0, -0.0222931533940454, 0.185484624383726, -3.30562648672739, 0.909929068828163, -0.894444444444488, 0.0222931533940454, 0, 0.207777777777771, -3.28333333333335, 0.932222222222208, -1.10222222222226, -0.185484624383726, -0.207777777777771, 0, -3.49111111111112, 0.724444444444437, 2.38888888888886, 3.30562648672739, 3.28333333333335, 3.49111111111112, 0, 4.21555555555555, -1.8266666666667, \n-0.909929068828163, -0.932222222222208, -0.724444444444437, -4.21555555555555, 0)","c(NA, 0.346238788315979, 0.342899677031296, 0.242857948578308, 0.0120586843782258, 0.0538675202674667, 0.346238788315979, NA, 0.981698891428431, 0.848645253667867, 0.000841846395214945, 0.349821940267251, 0.342899677031296, 0.981698891428431, NA, 0.825376549957309, 0.000627751825174697, 0.322965002178391, 0.242857948578308, 0.848645253667867, 0.825376549957309, NA, 0.000286974664590491, 0.44214204543196, 0.0120586843782258, 0.000841846395214945, 0.000627751825174697, 0.000286974664590491, NA, 1.43989742665135e-05, \n0.0538675202674667, 0.349821940267251, 0.322965002178391, 0.44214204543196, 1.43989742665135e-05, NA)","c(NA, 0.970234419337908, 0.940091921733678, 0.940091921733678, 0.940091921733678, 0.940091921733677, 0.970234419337908, NA, 0.970234419337908, 0.970234419337908, 0.970234419337908, 0.970234419337907, 0.940091921733678, 0.970234419337908, NA, 0.940091921733679, 0.940091921733679, 0.940091921733678, 0.940091921733678, 0.970234419337908, 0.940091921733679, NA, 0.940091921733679, 0.940091921733678, 0.940091921733678, 0.970234419337908, 0.940091921733679, 0.940091921733679, NA, 0.940091921733678, 0.940091921733677, \n0.970234419337907, 0.940091921733678, 0.940091921733678, 0.940091921733678, NA)","c(NA, 151, 151, 151, 151, 151, 151, NA, 151, 151, 151, 151, 151, 151, NA, 151, 151, 151, 151, 151, 151, NA, 151, 151, 151, 151, 151, 151, NA, 151, 151, 151, 151, 151, 151, NA)","c(NA, 0.944861962807009, 0.951443602233058, 1.1724621781555, -2.541122664349, 1.94307240008832, -0.944861962807009, NA, -0.0229770795075053, 0.191175061085033, -3.40703898031484, 0.937844556626947, -0.951443602233058, 0.0229770795075053, NA, 0.221018575922444, -3.49256626658206, 0.99162879785526, -1.1724621781555, -0.191175061085033, -0.221018575922444, NA, -3.7135848425045, 0.770610221932816, 2.541122664349, 3.40703898031484, 3.49256626658206, 3.7135848425045, NA, 4.48419506443732, -1.94307240008832, \n-0.937844556626947, -0.99162879785526, -0.770610221932816, -4.48419506443732, NA)","c(NA, -0.689007532880092, -0.66141463008916, -0.453636852311389, -3.94474796342251, 0.270807592133049, -2.52248272855716, NA, -1.62803828411267, -1.4202605063349, -4.91137161744602, -0.695816061890462, -2.45030351897814, -1.58345197732458, NA, -1.34808129675588, -4.839192407867, -0.623636852311441, -2.65808129675591, -1.79122975510235, -1.76363685231142, NA, -5.04697018564477, -0.831414630089212, 0.833029814355209, 1.69988135600876, 1.7274742587997, 1.93525203657747, NA, 2.65969648102191, -3.38252574120034, \n-2.51567419954679, -2.48808129675586, -2.28030351897809, -5.7714146300892, NA)","c(NA, 2.52248272855716, 2.45030351897814, 2.65808129675591, -0.833029814355209, 3.38252574120034, 0.689007532880092, NA, 1.58345197732458, 1.79122975510235, -1.69988135600876, 2.51567419954679, 0.66141463008916, 1.62803828411267, NA, 1.76363685231142, -1.7274742587997, 2.48808129675586, 0.453636852311389, 1.4202605063349, 1.34808129675588, NA, -1.93525203657747, 2.28030351897809, 3.94474796342251, 4.91137161744602, 4.839192407867, 5.04697018564477, NA, 5.7714146300892, -0.270807592133049, 0.695816061890462, \n0.623636852311441, 0.831414630089212, -2.65969648102191, NA)"],"anova":["c(1, 5)","c(2, 151)","c(323.8, 4.954)","c(323.8, 4.954)","c(\" \", \"A\")","c(0.00307591457148596, 0.000314642544030193)"],"varianceComposition":["c(9.7725215604267, 11.9309330876704)","c(1, 1)"]}
